
2 4
3 6
4 8
5 8
6 12
7 12
8 12
9 15
10 16
11 16
12 16
13 18
14 28 (v1) *20 (v2)
15 24
16 24
17 25 *24
18 24
19 28 *24
20 40 *28
21 27
22 32
23 30
24 48
25 32
26 36
27 32
28 36
29 36
30 36
31 42
32 40
33 45
34 48
35 54
36 48
37 49
38 76
39 48
40 48
41 50
42 84
43 56
44 88
45 60
46 56
47 54
48 96
49 63
50 60
51 60
52 72
53 64
54 108
55 64
56 64
57 72
58 64
59 70
60 120 *72
61 72
62 72
63 96
64 72
65 75
66 84
67 84
68 80
69 90
70 80
71 88
72 84
73 81
74 148
75 114
76 96
77 90
78 96
79 90
80 160
81 99
82 100
83 96
84 168
85 98
86 100
87 96
88 120
89 100
90 180
91 110
92 112
93 105
94 108
95 144
96 108
97 117
98 112
99 120
100 108
3547 0.13
