1
2
3
5
7
11
15
22
30
42
56
77
101
135
176
231
297
385
490
627
792
1002
1255
1575
1958
2436
3010
3718
4565
5604
6842
8349
10143
12310
14883
17977
21637
26015
31185
37338
44583
53174
63261
75175
89134
105558
124754
147273
173525
204226
239943
281589
329931
386155
451276
526823
614154
715220
831820
966467
121505
300156
505499
741630
12558
323520
679689
87735
554345
87968
697205
392783
185689
89500
118264
289091
619863
132164
848650
796476
4327
506255
338469
543660
167357
262962
887673
108109
995925
634173
112359
533807
10177
669720
651419
114304
230930
198136
229875
569292
481126
265379
248950